(1,0.6784522675943778,0.9426899389405461),(2,0.02463548580147068,0.47058783787642),(3,0.07410902211092563,0.5803366023656817),(4,0.3820654214735508,0.5444185410390256),(5,0.9039870066703797,0.7263760327048577),(6,0.6743772163717265,0.9054091625610738),(7,0.9742957841317301,0.8576945662777926),(8,0.005154698384814305,0.21544676168544408),(9,0.5900794758405236,0.382406972010206),(10,0.5979738769666861,0.5465634271967751),(11,0.3333408766843209,0.02814624460158832),(12,0.7766417432515312,0.4045875587006852),(13,0.2808638655664506,0.02610807636297985),(14,0.6309980150427835,0.7784230519216834),(15,0.5208952359814535,0.7559192568400332),(16,0.7787108825321231,0.01332698879829719),(17,0.625699296467974,0.790813705393185),(18,0.9469743383695349,0.7215952831523257),(19,0.8160992311618417,0.08826392403729377),(20,0.19274092267623322,0.390354439749491)
1,(2,9.144719023570616),(3,4.081295150592341),(4,4.561004993331883),(5,8.236976387672348),(6,8.24262989952356),(7,9.085487107859203),(8,7.986424381449129),(9,0.6519084003658571),(10,1.969424166303575),(11,2.6921267259391355),(19,1.1711465261996556)
2,(19,9.868155618003605)
3,(19,1.5142019544076646)
4,(19,6.223267504222334)
5,(19,3.424200040563883)
6,(19,3.0170222986859496)
7,(19,3.9629540334653957)
8,(19,0.33476402951483686)
9,(19,1.3496660281406414)
10,(19,3.6054842909282803)
11
12
13
14
15
16
17
18
19
20
